27545802
27893328
27442937
27435870
27636982
27397745
27508437
27489524
27485197
27165793
27952753
27134162
27699548
27921997
27290020
27458105
27455512
27158331
27754438
27577322
27195478
27738095
27306023
27945460
27493579
27488937
27560998
27092471
27455492
27166201
27058498
27650771
27860712
27622428
27867617
27504366
27455004
27481728
27619177
27647036
27799135
27746939
27103408
27749270
27736107
27217501
27441948
27369807
27708097
27938363
27553947
27168304
27397046
27389867
27044169
27255622
27794320
27581723
27433393
27971861
27860768
27189595
27672750
27971075
27320807
27100170
27678941
27010408
27448861
27596531
27608644
27817533
27746184
27945940
27757213
27439678
27230155
27413037
27795418
27578079
27369851
27592230
27359338
27175839
27606383
27742145
27697988
27031799
27459152
27750489
27693878
27495614
27223024
27180497
27792754
27253626
27497027
27150926
27890878
27680940
27462787
27338287
27910551
27841957
27373856
27585693
27130344
27270206
27463035
27170865
27430846
27120752
27907910
27894516
27911734
27701664
27259111
27180494
27406949
27387123
27998774
27176115
27873989
27212405
27555454
27957064
27168270
27147435
27485453
27402082
27463450
27853307
27053013
27604647
27186819
27290778
27733905
27084875
27030523
27910017
27405871
27552331
27186622
27974099
27464886
27216927
27937503
27428817
27260258
27570889
27372520
27705088
27211976
27476191
27583358
27355331
27518821
27556352
27868658
27188020
27753615
27550314
27823505
27297749
27580282
27824236
27041693
27417796
27477169
27975145
27127802
27255842
27610374
27911226
27779875
27728568
27126390
27607263
27557542
27030983
27893548
27231795
27585027
27334139
27227703
27030548
27314687
27291958
27705550
27423211
27598929
27615330
27985164
27637617
27378920
27443092
27309868
27076726
27021246
27598654
27727882
27823682
27773487
27248086
27909047
27357165
27979061
27728794
27955450
27944254
27957084
27810368
27779776
27660162
27214901
27046954
27767796
27404142
27774921
27993594
27875867
27481411
27819833
27976506
27253899
27834762
27762748
27059221
27717687
27443563
27286551
27296860
27473468
27519375
27294144
27440041
27738592
27104162
27562187
27268105
27123852
27071965
27909634
27220158
27651651
27783979
27318374
27525072
27425222
27375775
27870222
27680331
27840938
27462052
27517478
27981747
27589510
27272523
27040458
27748615
27620900
27192990
27219973
27168926
27180857
27727288
27383521
27151242
27948276
27305111
27155311
27140456
27098797
27338724
27657653
27456830
27732512
27601167
27893061
27714516
27092214
27836851
27773853
27561478
27250873
27750534
27044426
27716912
27482177
27569448
27342306
27365696
27682160
27252658
27548569
27707965
27552476
27947601
27085151
27199966
27636366
27829510
27312491
27265811
27230148
27149715
27435883
27696724
27552839
27367786
27442960
27262688
27863589
27814528
27316863
27078457
27743465
27075020
27694793
27679391
27458797
27740155
27108524
27524963
27717006
27508257
27484054
27338554
27664188
27976353
27971795
27678776
27182580
27277275
27241832
27965670
27204277
27786582
27497196
27529423
27368996
27518467
27914526
27418751
27681549
27228893
27101070
27563590
27778113
27077116
27029925
27978123
27973564
27727610
27466019
27179888
27495560
27301355
27415431
27776330
27799389
27785411
27052102
27606055
27566823
27119022
27497910
27073900
27401312
27165381
27143718
27989191
27659776
27777720
27570591
27716668
27536306
27466929
27757956
27377116
27994777
27225821
27124321
27346004
27170165
27872205
27287686
27728285
27357350
27908123
27348017
27107231
27348051
27919873
27362998
27316089
27633751
27619203
27761909
27798890
27055129
27734159
27030155
27947907
27080554
27877217
27577525
27000510
27682929
27924623
27818246
27505802
27542374
27074316
27495233
27430999
27975800
27835989
27754607
27427695
27699506
27009684
27138614
27474206
27720131
27574189
27009279
27511360
27519324
27341612
27112347
27111851
27339648
27185865
27924396
27938659
27380799
27728707
27295270
27467188
27037427
27043607
27770108
27766394
27056666
27700763
27132985
27846877
27042594
27847939
27806095
27299271
27108673
27184926
27716229
27285070
27151171
27992461
27123558
27022431
27640909
27915304
27231864
27334635
27188863
27208473
27483241
27855666
27503414
27020431
27546077
27441907
27465262
27501647
27213054
27734077
27337477
27270347
27789346
27046644
27784161
27513921
27004114
27230643
27068024
27360076
27166742
27747110
27681928
27375418
27231918
27942124
27316527
27539226
27041843
27694909
27626808
27051625
27047074
27738920
