9602
2868
8324
4276
8262
5689
4734
8840
5648
5301
2066
2190
1696
4736
6939
6475
4265
3425
5349
4746
5920
4136
8156
5779
4250
3100
7842
2434
5306
3109
2168
2340
9591
7838
4256
1894
5393
3861
9452
4663
4090
2540
8965
7293
3615
5026
4055
6744
8703
2079
1648
2349
8931
2741
6722
9100
4766
3851
4298
4676
9335
4031
6276
7179
5014
9594
9605
6457
9032
1692
5690
3618
2931
7494
9691
6389
2856
1428
8989
4575
1069
2126
8370
7508
5205
5009
4230
2218
8021
6009
1726
8460
2393
8396
6466
6990
6153
4091
6555
5398
2357
7745
1735
9929
6477
9274
9291
3729
9019
7105
8821
8602
3913
7150
3957
9786
6535
8909
4297
6523
9834
6249
8937
4124
4542
9995
7247
2019
3065
7235
2701
9208
3935
1851
6121
5378
5978
1750
6484
2445
9194
8247
4900
5218
2346
8961
3286
6161
6963
1015
1864
7241
7729
7530
5704
2785
7695
6428
7748
2656
3593
1657
4309
6112
9891
7990
9515
9694
2535
4674
8297
9342
6928
9769
9841
6057
9441
8425
5577
7875
4828
5488
4892
2515
7124
8868
3764
6786
2043
1813
8378
9101
7400
8326
4591
9016
7148
7957
3375
6832
